286447  5  18  29  Subaru
265028 4 15 32 Ford
227037 4 17    22  Toyota
677847 8  25  12  Suburban
609011 4 20 17  Jeep
756684   5 19 23 GM
617952  8  25  12  Suburban
744248  2 15 25 Porsche
500284  5  18  29  Subaru
284712 5  18  29  Subaru
383987 4 17    22  Toyota
226102 8  25  12  Suburban
616566 4 15 32 Ford
553104 4 17    22  Toyota
712601  4 20 17  Jeep
754288  5  18  29  Subaru
264695 4 15 32 Ford
273197  4 20 17  Jeep
295325  8  25  12  Suburban
723099 2 15 25 Porsche
227891 5  18  29  Subaru
679619 4 17    22  Toyota
263695 5  18  29  Subaru
723129  5  18  29  Subaru
289879 4 15 32 Ford
740583 4 17    22  Toyota
289106  4 20 17  Jeep
383587 4 15 32 Ford
621422  4 20 17  Jeep
304973 4 15 32 Ford
713036 4 15 32 Ford
654072 5  18  29  Subaru
379596  5  18  29  Subaru
681506 2 15 25 Porsche
685487 4 15 32 Ford
264032 4 15 32 Ford
263899 5  18  29  Subaru
742015  5  18  29  Subaru
227336  8  25  12  Suburban
610078 4 15 32 Ford
757352 4 15 32 Ford
759224 5  18  29  Subaru
262659 4 15 32 Ford
749148 4 15 32 Ford
749121 4 17    22  Toyota
226291 4 17    22  Toyota
264774 4 15 32 Ford
767053  5  18  29  Subaru
742823 5  18  29  Subaru
264486 4 15 32 Ford
226954 5  18  29  Subaru
264894 2 15 25 Porsche
289259 4 17    22  Toyota
644851 5  18  29  Subaru
728227 4 15 32 Ford
227208 4 17    22  Toyota
586992  5  18  29  Subaru
285808 4 17    22  Toyota
748648 4 17    22  Toyota
264421  5 19 23 GM
289249   5  18  29  Subaru
723813  5  18  29  Subaru
749503  5 19 23 GM
242661  5 19 23 GM
379375  5  18  29  Subaru
513968  5 19 23 GM
487699 4 17    22  Toyota
616574 4 15 32 Ford
395659  2 15 25 Porsche
236415 4 17  22  Toyota
754014  5 19 23 GM
740665  4 15 32 Ford
504238  8  25  12  Suburban
264907  5 19 23 GM
384208  5  18  29  Subaru
758788 5 19 23 GM
767160  5  18  29  Subaru
251743  5  18  29  Subaru
708680 4 17    22  Toyota
289725  5 19 23 GM
559810  5  18  29  Subaru
723274 4 17    22  Toyota
503260  5 19 23 GM
199667 4 15 32 Ford
553707  5 19 23 GM
379740  5  18  29  Subaru
616752  5 19 23 GM
259526  5  18  29  Subaru
