199667	4	15	32	Ford
226102	8	25	12	Suburban
226291	4	17	22	Toyota
226954	5	18	29	Subaru
227037	4	17	22	Toyota
227208	4	17	22	Toyota
227336	8	25	12	Suburban
227891	5	18	29	Subaru
236415	4	17	22	Toyota
242661	5	19	23	GM
251743	5	18	29	Subaru
259526	5	18	29	Subaru
262659	4	15	32	Ford
263695	5	18	29	Subaru
263899	5	18	29	Subaru
264032	4	15	32	Ford
264421	5	19	23	GM
264486	4	15	32	Ford
264695	4	15	32	Ford
264774	4	15	32	Ford
264894	2	15	25	Porsche
264907	5	19	23	GM
265028	4	15	32	Ford
273197	4	20	17	Jeep
284712	5	18	29	Subaru
285808	4	17	22	Toyota
286447	5	18	29	Subaru
289106	4	20	17	Jeep
289249	5	18	29	Subaru
289259	4	17	22	Toyota
289725	5	19	23	GM
289879	4	15	32	Ford
295325	8	25	12	Suburban
304973	4	15	32	Ford
379375	5	18	29	Subaru
379596	5	18	29	Subaru
379740	5	18	29	Subaru
383587	4	15	32	Ford
383987	4	17	22	Toyota
384208	5	18	29	Subaru
395659	2	15	25	Porsche
487699	4	17	22	Toyota
500284	5	18	29	Subaru
503260	5	19	23	GM
504238	8	25	12	Suburban
513968	5	19	23	GM
553104	4	17	22	Toyota
553707	5	19	23	GM
559810	5	18	29	Subaru
586992	5	18	29	Subaru
609011	4	20	17	Jeep
610078	4	15	32	Ford
616566	4	15	32	Ford
616574	4	15	32	Ford
616752	5	19	23	GM
617952	8	25	12	Suburban
621422	4	20	17	Jeep
644851	5	18	29	Subaru
654072	5	18	29	Subaru
677847	8	25	12	Suburban
679619	4	17	22	Toyota
681506	2	15	25	Porsche
685487	4	15	32	Ford
708680	4	17	22	Toyota
712601	4	20	17	Jeep
713036	4	15	32	Ford
723099	2	15	25	Porsche
723129	5	18	29	Subaru
723274	4	17	22	Toyota
723813	5	18	29	Subaru
728227	4	15	32	Ford
740583	4	17	22	Toyota
740665	4	15	32	Ford
742015	5	18	29	Subaru
742823	5	18	29	Subaru
744248	2	15	25	Porsche
748648	4	17	22	Toyota
749121	4	17	22	Toyota
749148	4	15	32	Ford
749503	5	19	23	GM
754014	5	19	23	GM
754288	5	18	29	Subaru
756684	5	19	23	GM
757352	4	15	32	Ford
758788	5	19	23	GM
759224	5	18	29	Subaru
767053	5	18	29	Subaru
767160	5	18	29	Subaru
